label-WM_probseg: 0.9999665452951797
label-GM_probseg: 0.9997991850916146
label-CSF_probseg: 0.9989430609845387
