desc-preproc-bold: 0.9989304292755848
space-template_desc-preproc-bold: 0.8459579316697694
