desc-2_regressors.1D: 0.9995302852649379
desc-1_regressors.1D: 0.9997925390683079
