label-WM_probseg: 0.9999999999999066
label-GM_probseg: 0.9999999999999186
label-CSF_probseg: 0.9999999999998836
