label-WM_probseg: 0.993716643653083
label-GM_probseg: 0.9942677656087903
label-CSF_probseg: 0.13780815588796483
