desc-brain_T1w: 0.9981205900263561
desc-preproc_T1w: 0.9990931718588104
desc-reorient_T1w: 0.9999999999999266
