desc-preproc-bold: 0.9955935429691687
space-template_desc-preproc-bold: 0.6709771108656281
