desc-2_regressors.1D: 0.9974679383863683
desc-1_regressors.1D: 0.9999840141602309
