label-WM_probseg: 0.9999999999998205
label-GM_probseg: 0.9999999999999513
label-CSF_probseg: 0.9999999999998964
