desc-2_vmhc: 0.9681860992260773
desc-1_vmhc: 0.9530523366536201
