space-template_desc-brain_T1w: 0.9868017738024317
desc-brain_T1w: 0.9999999999998361
desc-preproc_T1w: 0.9999999999999045
desc-reorient_T1w: 0.9999999999999045
space-symtemplate_desc-brain_T1w: 0.9930966868825751
