desc-1_regressors.1D: 0.9999488969545648
desc-2_regressors.1D: 0.9991486849554146
