desc-2_vmhc: 0.9244984065442672
desc-1_vmhc: 0.9757285530419846
