desc-preproc-bold: 0.9983312405835307
space-template_desc-preproc-bold: 0.8234576745173404
