space-template_res-derivative_desc-bold_mask: 0.9842164560897126
space-template_desc-bold_mask: 0.9842164560897126
space-bold_desc-brain_mask: 0.9999999999999981
label-CSF_mask: 0.9999999999999124
label-GM_desc-preproc_mask: 0.9776340818436609
label-WM_mask: 0.9999999999999494
label-WM_desc-preproc_mask: 0.962242351996656
label-GM_mask: 0.9999999999999257
space-T1w_desc-brain_mask: 0.9999999999998826
label-CSF_desc-preproc_mask: 0.9590585348015072
