desc-1_regressors.1D: 0.9996461202518723
desc-2_regressors.1D: 0.9999543902746223
