desc-2_vmhc: 0.8959678894630336
desc-1_vmhc: 0.9671213817774253
