desc-preproc-bold: 0.9998371862237301
space-template_desc-preproc-bold: 0.9396697146494657
