space-template_desc-weighted-zstd-2_eigen-centrality: 0.9929088795739773
space-template_desc-weighted-zstd-1_eigen-centrality: 0.9658644979084283
