label-CSF_probseg: 0.9999999999998964
label-GM_probseg: 0.9999999999999513
label-WM_probseg: 0.9999999999998205
