desc-1_regressors.1D: 0.9999931552243182
desc-2_regressors.1D: 0.9998113605481654
