desc-2_vmhc: 0.9917585246595434
desc-1_vmhc: 0.9657131324781172
