space-template_desc-preproc-bold: 0.9591559076389364
desc-preproc-bold: 0.9994127390927109
