space-template_desc-brain_T1w: 0.9990531146333678
desc-brain_T1w: 0.9999999999998361
desc-preproc_T1w: 0.9999999999999045
desc-reorient_T1w: 0.9999999999999045
space-symtemplate_desc-brain_T1w: 0.9953108186324506
