label-WM_probseg: 0.9999283956625645
label-GM_probseg: 0.9996488382727887
label-CSF_probseg: 0.9984387519776393
