atlas-DS01216space-MNI152NLin6res-2x2x2_desc-Mean_timeseries.1D: nan
atlas-CPAC200space-MNI152NLin6res-2x2x2_desc-Mean_timeseries.1D: 0.9999808397208905
atlas-Desikanspace-MNI152NLin6res-2x2x2_desc-Mean_timeseries.1D: 0.999984775756932
atlas-DS00195space-MNI152NLin6res-2x2x2_desc-Mean_timeseries.1D: 0.9999458167364286
atlas-DS00108space-MNI152NLin6res-2x2x2_desc-Mean_timeseries.1D: 0.999953028965063
atlas-DS00350space-MNI152NLin6res-2x2x2_desc-Mean_timeseries.1D: 0.9999421046827783
atlas-DS00583space-MNI152NLin6res-2x2x2_desc-Mean_timeseries.1D: 0.9999141084887153
atlas-DS00278space-MNI152NLin6res-2x2x2_desc-Mean_timeseries.1D: 0.9998445661813387
atlas-Princetonvisual-topspace-MNI152NLin6res-2x2x2_desc-Mean_timeseries.1D: 0.9998898853501106
atlas-DS00096space-MNI152NLin6res-2x2x2_desc-Mean_timeseries.1D: 0.9999642550512542
atlas-DS00071space-MNI152NLin6res-2x2x2_desc-Mean_timeseries.1D: 0.9999596646274402
atlas-DS00833space-MNI152NLin6res-2x2x2_desc-Mean_timeseries.1D: 0.9998995385656964
atlas-DS00446space-MNI152NLin6res-2x2x2_desc-Mean_timeseries.1D: 0.9998195905017586
atlas-DKTspace-MNI152NLin6res-2x2x2_desc-Mean_timeseries.1D: 0.9999751177126841
atlas-Brodmannspace-MNI152NLin6res-2x2x2_desc-Mean_timeseries.1D: 0.9999864999857542
atlas-AALspace-MNI152NLin6res-2x2x2_desc-Mean_timeseries.1D: 0.9999805611330643
atlas-HarvardOxfordcort-maxprob-thr25space-MNI152NLin6res-2x2x2_desc-Mean_timeseries.1D: 0.9999884086141547
atlas-DS00140space-MNI152NLin6res-2x2x2_desc-Mean_timeseries.1D: 0.9999663594959459
atlas-JHUspace-MNI152NLin6res-2x2x2_desc-Mean_timeseries.1D: 0.9999570972252727
desc-Mean_timeseries.1D: 0.9999714010640135
