label-WM_probseg: 0.999999999999914
label-GM_probseg: 0.9999999999999147
label-CSF_probseg: 0.9999999999998762
