space-template_desc-weighted-zstd-2_eigen-centrality: 0.9984294435257947
space-template_desc-weighted-zstd-1_eigen-centrality: 0.9928007693286424
