desc-1_regressors.1D: 0.9999246666862033
desc-2_regressors.1D: 0.9999217509550118
