space-template_desc-preproc-bold: 0.9764328820292336
desc-preproc-bold: 0.9998622174959786
