desc-2_vmhc: 0.8708827766691759
desc-1_vmhc: 0.9622452092020365
