space-template_desc-preproc-bold: 0.9810433926260533
desc-preproc-bold: 0.9999019899185362
