label-WM_probseg: 0.9999999999999213
label-GM_probseg: 0.9999999999999027
label-CSF_probseg: 0.9999999999999598
