desc-cleaned-6_bold: 0.9492939618813514
space-symtemplate_desc-sm-7_bold: 0.9545373815284949
desc-cleaned-7_bold: 0.961566158925933
space-symtemplate_desc-sm-2_bold: 1.0
desc-preproc-3_bold: 1.0
desc-preproc-4_bold: 0.9307967556467389
desc-brain_bold: 1.0
desc-cleaned-4_bold: 1.0
space-symtemplate_desc-sm-6_bold: 0.9382684918762548
space-template_desc-preproc-3_bold: 1.0
desc-cleaned-2_bold: 1.0
space-template_desc-preproc-2_bold: 1.0
space-symtemplate_desc-sm-5_bold: 0.9147368858746714
space-template_desc-preproc-5_bold: 0.9418950343641554
space-template_desc-mean_bold: 1.0
desc-sm4-6_bold: 0.9447725645807084
desc-cleaned-3_bold: 1.0
desc-cleaned-5_bold: 0.9307967556467389
space-T1w_desc-mean_bold: 0.9999999999999969
desc-motion_bold: 1.0
desc-sm4-5_bold: 0.9228270304109255
desc-sm4-3_bold: 1.0
space-symtemplate_desc-sm-3_bold: 1.0
desc-mean_bold: 0.9999999999999999
space-symtemplate_desc-sm-4_bold: 1.0
desc-preproc-5_bold: 0.9492939618813514
desc-sm4-7_bold: 0.9603218874242203
space-template_desc-preproc-6_bold: 0.9554034218839563
desc-preproc-6_bold: 0.961566158925933
space-template_desc-preproc-4_bold: 0.9204537086796452
desc-sm4-2_bold: 1.0
desc-preproc-2_bold: 1.0
desc-sm4-4_bold: 1.0
space-symtemplate_desc-sm-1_bold: 0.9364492973552467
desc-preproc-1_bold: 1.0
desc-cleaned-1_bold: 0.939608757474757
desc-sm4-1_bold: 0.9467016174141664
space-template_desc-preproc-1_bold: 1.0
