label-WM_probseg: 0.9998859487743225
label-GM_probseg: 0.9992902547713579
label-CSF_probseg: 0.9978657543140362
