desc-2_vmhc: 0.8528570002175746
desc-1_vmhc: 0.943761657378944
