label-GM_probseg: 0.999999999999903
label-WM_probseg: 0.9999999999998136
label-CSF_probseg: 0.999999999999901
