desc-preproc-bold: 0.9992137143211839
space-template_desc-preproc-bold: 0.9094991984518012
