atlas-Talairachspace-MNI152NLin6res-1x1xdesc-Mean-2_timeseries.1D: nan
atlas-Brodmannspace-MNI152NLin6res-1x1xdesc-Mean-2_timeseries.1D: 0.9980366658776471
atlas-HarvardOxfordsub-maxprob-thr25space-MNI152NLin6res-1x1xdesc-Mean-2_timeseries.1D: 0.9981465752069665
atlas-homaskpad_desc-Mean-2_timeseries.1D: 0.998138787961585
atlas-HarvardOxfordcort-maxprob-thr25space-MNI152NLin6res-1x1xdesc-Mean-2_timeseries.1D: 0.9982147450590492
atlas-Slab907space-MNI152NLin6res-1x1xdesc-Mean-2_timeseries.1D: 0.9938103771309315
atlas-Yeo-17-liberalspace-MNI152NLin6res-1x1xdesc-Mean-2_timeseries.1D: 0.9981132914031108
atlas-DesikanKleinspace-MNI152NLin6res-1x1xdesc-Mean-2_timeseries.1D: 0.9981001066004386
atlas-Schaefer400space-MNI152NLin6res-1x1xdesc-Mean-2_timeseries.1D: 0.997551875473776
atlas-aalmaskpad_desc-Mean-2_timeseries.1D: 0.998177483896665
atlas-Yeo-7-liberalspace-MNI152NLin6res-1x1xdesc-Mean-2_timeseries.1D: 0.9980297633460631
atlas-Schaefer200space-MNI152NLin6res-1x1xdesc-Mean-2_timeseries.1D: 0.9979851600558234
atlas-Schaefer300space-MNI152NLin6res-1x1xdesc-Mean-2_timeseries.1D: 0.9977925200148767
atlas-DKTspace-MNI152NLin6res-1x1xdesc-Mean-2_timeseries.1D: 0.9976632950724353
atlas-CAPRSCspace-MNI152NLin6res-1x1xdesc-Mean-2_timeseries.1D: 0.9964088248274225
atlas-CC200_desc-Mean-2_timeseries.1D: 0.9979825497098875
atlas-Schaefer1000space-MNI152NLin6res-1x1xdesc-Mean-2_timeseries.1D: 0.9962304877822352
atlas-CC400_desc-Mean-2_timeseries.1D: 0.9977447993728457
atlas-Yeo-7space-MNI152NLin6res-1x1xdesc-Mean-2_timeseries.1D: 0.9978257340913329
atlas-rois3mm_desc-Mean-2_timeseries.1D: 0.9964380885428723
atlas-Yeo-17space-MNI152NLin6res-1x1xdesc-Mean-2_timeseries.1D: 0.997888363659041
atlas-MICCAIspace-MNI152NLin6res-1x1xdesc-Mean-2_timeseries.1D: 0.9981475278751366
atlas-Juelichspace-MNI152NLin6res-1x1xdesc-Mean-2_timeseries.1D: 0.9979313395071516
atlas-Desikanspace-MNI152NLin6res-1x1xdesc-Mean-2_timeseries.1D: 0.9982095404853277
atlas-Glasserspace-MNI152NLin6res-1x1xdesc-Mean-2_timeseries.1D: 0.9973700253278012
atlas-AALspace-MNI152NLin6res-1x1xdesc-Mean-2_timeseries.1D: 0.9982984438225585
atlas-ttmaskpad_desc-Mean-2_timeseries.1D: 0.9981181315942778
