desc-6_regressors.1D: 0.8081641598444963
desc-1_regressors.1D: 0.9999569490996351
desc-3_regressors.1D: 0.7444816124028244
desc-2_regressors.1D: 0.9999988971297208
desc-5_regressors.1D: 0.9999769803656683
desc-4_regressors.1D: 0.9999988971297208
