desc-preproc-bold: 0.9999491351727915
space-template_desc-preproc-bold: 0.9824349379980961
