label-CSF_probseg: 0.9999999999999172
label-GM_probseg: 0.9999999999997398
label-WM_probseg: 1.0
