label-WM_probseg: 0.9844945133896105
label-GM_probseg: 0.9859895476605235
label-CSF_probseg: -0.03581374764671874
